%!PS-Adobe-3.0
%%Creator: cairo 1.15.12 (http://cairographics.org)
%%CreationDate: Wed Mar 23 12:47:58 2022
%%Pages: 1
%%DocumentData: Clean7Bit
%%LanguageLevel: 2
%%DocumentMedia: Letter 612 792 0 () ()
%%BoundingBox: 0 71 612 715
%%EndComments
%%BeginProlog
/languagelevel where
{ pop languagelevel } { 1 } ifelse
2 lt { /Helvetica findfont 12 scalefont setfont 50 500 moveto
  (This print job requires a PostScript Language Level 2 printer.) show
  showpage quit } if
/q { gsave } bind def
/Q { grestore } bind def
/cm { 6 array astore concat } bind def
/w { setlinewidth } bind def
/J { setlinecap } bind def
/j { setlinejoin } bind def
/M { setmiterlimit } bind def
/d { setdash } bind def
/m { moveto } bind def
/l { lineto } bind def
/c { curveto } bind def
/h { closepath } bind def
/re { exch dup neg 3 1 roll 5 3 roll moveto 0 rlineto
      0 exch rlineto 0 rlineto closepath } bind def
/S { stroke } bind def
/f { fill } bind def
/f* { eofill } bind def
/n { newpath } bind def
/W { clip } bind def
/W* { eoclip } bind def
/BT { } bind def
/ET { } bind def
/BDC { mark 3 1 roll /BDC pdfmark } bind def
/EMC { mark /EMC pdfmark } bind def
/cairo_store_point { /cairo_point_y exch def /cairo_point_x exch def } def
/Tj { show currentpoint cairo_store_point } bind def
/TJ {
  {
    dup
    type /stringtype eq
    { show } { -0.001 mul 0 cairo_font_matrix dtransform rmoveto } ifelse
  } forall
  currentpoint cairo_store_point
} bind def
/cairo_selectfont { cairo_font_matrix aload pop pop pop 0 0 6 array astore
    cairo_font exch selectfont cairo_point_x cairo_point_y moveto } bind def
/Tf { pop /cairo_font exch def /cairo_font_matrix where
      { pop cairo_selectfont } if } bind def
/Td { matrix translate cairo_font_matrix matrix concatmatrix dup
      /cairo_font_matrix exch def dup 4 get exch 5 get cairo_store_point
      /cairo_font where { pop cairo_selectfont } if } bind def
/Tm { 2 copy 8 2 roll 6 array astore /cairo_font_matrix exch def
      cairo_store_point /cairo_font where { pop cairo_selectfont } if } bind def
/g { setgray } bind def
/rg { setrgbcolor } bind def
/d1 { setcachedevice } bind def
/cairo_data_source {
  CairoDataIndex CairoData length lt
    { CairoData CairoDataIndex get /CairoDataIndex CairoDataIndex 1 add def }
    { () } ifelse
} def
/cairo_flush_ascii85_file { cairo_ascii85_file status { cairo_ascii85_file flushfile } if } def
/cairo_image { image cairo_flush_ascii85_file } def
/cairo_imagemask { imagemask cairo_flush_ascii85_file } def
/cairo_set_page_size {
  % Change paper size, but only if different from previous paper size otherwise
  % duplex fails. PLRM specifies a tolerance of 5 pts when matching paper size
  % so we use the same when checking if the size changes.
  /setpagedevice where {
    pop currentpagedevice
    /PageSize known {
      2 copy
      currentpagedevice /PageSize get aload pop
      exch 4 1 roll
      sub abs 5 gt
      3 1 roll
      sub abs 5 gt
      or
    } {
      true
    } ifelse
    {
      2 array astore
      2 dict begin
        /PageSize exch def
        /ImagingBBox null def
      currentdict end
      setpagedevice
    } {
      pop pop
    } ifelse
  } {
    pop
  } ifelse
} def
%%EndProlog
%%BeginSetup
%%EndSetup
%%Page: 1 1
%%BeginPageSetup
%%PageMedia: Letter
%%PageBoundingBox: 0 71 612 715
612 792 cairo_set_page_size
%%EndPageSetup
q 0 71 612 644 rectclip
1 0 0 -1 0 792 cm q
1 g
-11 77 644 644 re f*
0 g
1.5 w
1 J
1 j
[] 0.0 d
10 M q 0.0000000267949 1 1 -0.0000000267949 0 0 cm
167.547 382.742 m 193.063 352.445 l 218.578 378.543 l 244.094 383.449 l
 269.609 381.602 l 295.125 415.535 l 320.641 382.449 l 346.156 470.469 l
 371.672 423.418 l 397.188 412.055 l 422.703 426.914 l 448.219 475.562 l
 473.734 447.676 l 499.25 390.461 l 524.766 389.871 l 550.281 454.32 l 575.797
 433.535 l 601.313 394.434 l 626.828 392.801 l 652.344 457.453 l 677.859
 444.781 l 703.375 401.418 l S Q
382.742 170.094 m 382.23 170.039 l 381.754 169.891 l 381.32 169.656 l 380.945
 169.344 l 380.633 168.969 l 380.398 168.535 l 380.25 168.059 l 380.195 
167.547 l 380.25 167.035 l 380.398 166.559 l 380.633 166.125 l 380.945 165.75
 l 381.32 165.438 l 381.754 165.203 l 382.23 165.055 l 382.742 165 l 383.254
 165.055 l 383.73 165.203 l 384.164 165.438 l 384.539 165.75 l 384.852 166.125
 l 385.086 166.559 l 385.234 167.035 l 385.289 167.547 l 385.234 168.059
 l 385.086 168.535 l 384.852 168.969 l 384.539 169.344 l 384.164 169.656
 l 383.73 169.891 l 383.254 170.039 l 382.742 170.094 l f*
0.5 w
q 0.0000000267949 1 1 -0.0000000267949 0 0 cm
170.094 382.742 m 170.039 382.23 l 169.891 381.754 l 169.656 381.32 l 169.344
 380.945 l 168.969 380.633 l 168.535 380.398 l 168.059 380.25 l 167.547 
380.195 l 167.035 380.25 l 166.559 380.398 l 166.125 380.633 l 165.75 380.945
 l 165.438 381.32 l 165.203 381.754 l 165.055 382.23 l 165 382.742 l 165.055
 383.254 l 165.203 383.73 l 165.438 384.164 l 165.75 384.539 l 166.125 384.852
 l 166.559 385.086 l 167.035 385.234 l 167.547 385.289 l 168.059 385.234
 l 168.535 385.086 l 168.969 384.852 l 169.344 384.539 l 169.656 384.164
 l 169.891 383.73 l 170.039 383.254 l 170.094 382.742 l S Q
352.445 195.609 m 351.934 195.555 l 351.457 195.406 l 351.023 195.172 l
 350.648 194.859 l 350.336 194.484 l 350.102 194.051 l 349.949 193.574 l
 349.898 193.062 l 349.949 192.551 l 350.102 192.074 l 350.336 191.641 l
 350.648 191.266 l 351.023 190.953 l 351.457 190.719 l 351.934 190.57 l 
352.445 190.516 l 352.957 190.57 l 353.434 190.719 l 353.863 190.953 l 354.242
 191.266 l 354.555 191.641 l 354.789 192.074 l 354.938 192.551 l 354.988
 193.062 l 354.938 193.574 l 354.789 194.051 l 354.555 194.484 l 354.242
 194.859 l 353.863 195.172 l 353.434 195.406 l 352.957 195.555 l 352.445
 195.609 l f*
q 0.0000000267949 1 1 -0.0000000267949 0 0 cm
195.609 352.445 m 195.555 351.934 l 195.406 351.457 l 195.172 351.023 l
 194.859 350.648 l 194.484 350.336 l 194.051 350.102 l 193.574 349.949 l
 193.063 349.898 l 192.551 349.949 l 192.074 350.102 l 191.641 350.336 l
 191.266 350.648 l 190.953 351.023 l 190.719 351.457 l 190.57 351.934 l 
190.516 352.445 l 190.57 352.957 l 190.719 353.434 l 190.953 353.863 l 191.266
 354.242 l 191.641 354.555 l 192.074 354.789 l 192.551 354.937 l 193.063
 354.988 l 193.574 354.937 l 194.051 354.789 l 194.484 354.555 l 194.859
 354.242 l 195.172 353.863 l 195.406 353.434 l 195.555 352.957 l 195.609
 352.445 l S Q
378.543 221.125 m 378.031 221.07 l 377.555 220.922 l 377.125 220.688 l 
376.746 220.375 l 376.434 220 l 376.199 219.566 l 376.051 219.09 l 376 218.578
 l 376.051 218.066 l 376.199 217.59 l 376.434 217.156 l 376.746 216.781 
l 377.125 216.469 l 377.555 216.234 l 378.031 216.086 l 378.543 216.031 
l 379.055 216.086 l 379.531 216.234 l 379.965 216.469 l 380.344 216.781 
l 380.652 217.156 l 380.891 217.59 l 381.039 218.066 l 381.09 218.578 l 
381.039 219.09 l 380.891 219.566 l 380.652 220 l 380.344 220.375 l 379.965
 220.688 l 379.531 220.922 l 379.055 221.07 l 378.543 221.125 l f*
q 0.0000000267949 1 1 -0.0000000267949 0 0 cm
221.125 378.543 m 221.07 378.031 l 220.922 377.555 l 220.688 377.125 l 
220.375 376.746 l 220 376.434 l 219.566 376.199 l 219.09 376.051 l 218.578
 376 l 218.066 376.051 l 217.59 376.199 l 217.156 376.434 l 216.781 376.746
 l 216.469 377.125 l 216.234 377.555 l 216.086 378.031 l 216.031 378.543
 l 216.086 379.055 l 216.234 379.531 l 216.469 379.965 l 216.781 380.344
 l 217.156 380.652 l 217.59 380.891 l 218.066 381.039 l 218.578 381.09 l
 219.09 381.039 l 219.566 380.891 l 220 380.652 l 220.375 380.344 l 220.688
 379.965 l 220.922 379.531 l 221.07 379.055 l 221.125 378.543 l S Q
383.449 246.641 m 382.941 246.586 l 382.461 246.438 l 382.031 246.203 l
 381.652 245.891 l 381.34 245.516 l 381.105 245.082 l 380.957 244.605 l 
380.906 244.094 l 380.957 243.582 l 381.105 243.105 l 381.34 242.672 l 381.652
 242.297 l 382.031 241.984 l 382.461 241.75 l 382.941 241.602 l 383.449 
241.547 l 383.961 241.602 l 384.438 241.75 l 384.871 241.984 l 385.25 242.297
 l 385.559 242.672 l 385.797 243.105 l 385.945 243.582 l 385.996 244.094
 l 385.945 244.605 l 385.797 245.082 l 385.559 245.516 l 385.25 245.891 
l 384.871 246.203 l 384.438 246.438 l 383.961 246.586 l 383.449 246.641 
l f*
q 0.0000000267949 1 1 -0.0000000267949 0 0 cm
246.641 383.449 m 246.586 382.941 l 246.438 382.461 l 246.203 382.031 l
 245.891 381.652 l 245.516 381.34 l 245.082 381.105 l 244.605 380.957 l 
244.094 380.906 l 243.582 380.957 l 243.105 381.105 l 242.672 381.34 l 242.297
 381.652 l 241.984 382.031 l 241.75 382.461 l 241.602 382.941 l 241.547 
383.449 l 241.602 383.961 l 241.75 384.437 l 241.984 384.871 l 242.297 385.25
 l 242.672 385.559 l 243.105 385.797 l 243.582 385.945 l 244.094 385.996
 l 244.605 385.945 l 245.082 385.797 l 245.516 385.559 l 245.891 385.25 
l 246.203 384.871 l 246.438 384.437 l 246.586 383.961 l 246.641 383.449 
l S Q
381.602 272.156 m 381.09 272.102 l 380.613 271.953 l 380.18 271.719 l 379.805
 271.406 l 379.492 271.031 l 379.258 270.598 l 379.109 270.121 l 379.055
 269.609 l 379.109 269.098 l 379.258 268.621 l 379.492 268.188 l 379.805
 267.812 l 380.18 267.5 l 380.613 267.266 l 381.09 267.117 l 381.602 267.062
 l 382.113 267.117 l 382.59 267.266 l 383.023 267.5 l 383.398 267.812 l 
383.711 268.188 l 383.945 268.621 l 384.094 269.098 l 384.148 269.609 l 
384.094 270.121 l 383.945 270.598 l 383.711 271.031 l 383.398 271.406 l 
383.023 271.719 l 382.59 271.953 l 382.113 272.102 l 381.602 272.156 l f*
q 0.0000000267949 1 1 -0.0000000267949 0 0 cm
272.156 381.602 m 272.102 381.09 l 271.953 380.613 l 271.719 380.18 l 271.406
 379.805 l 271.031 379.492 l 270.598 379.258 l 270.121 379.109 l 269.609
 379.055 l 269.098 379.109 l 268.621 379.258 l 268.188 379.492 l 267.813
 379.805 l 267.5 380.18 l 267.266 380.613 l 267.117 381.09 l 267.063 381.602
 l 267.117 382.113 l 267.266 382.59 l 267.5 383.023 l 267.813 383.398 l 
268.188 383.711 l 268.621 383.945 l 269.098 384.094 l 269.609 384.148 l 
270.121 384.094 l 270.598 383.945 l 271.031 383.711 l 271.406 383.398 l 
271.719 383.023 l 271.953 382.59 l 272.102 382.113 l 272.156 381.602 l S Q
415.535 297.672 m 415.023 297.617 l 414.547 297.469 l 414.113 297.234 l
 413.734 296.922 l 413.426 296.547 l 413.188 296.113 l 413.039 295.637 l
 412.988 295.125 l 413.039 294.613 l 413.188 294.137 l 413.426 293.703 l
 413.734 293.328 l 414.113 293.016 l 414.547 292.781 l 415.023 292.633 l
 415.535 292.578 l 416.047 292.633 l 416.523 292.781 l 416.953 293.016 l
 417.332 293.328 l 417.645 293.703 l 417.879 294.137 l 418.027 294.613 l
 418.078 295.125 l 418.027 295.637 l 417.879 296.113 l 417.645 296.547 l
 417.332 296.922 l 416.953 297.234 l 416.523 297.469 l 416.047 297.617 l
 415.535 297.672 l f*
q 0.0000000267949 1 1 -0.0000000267949 0 0 cm
297.672 415.535 m 297.617 415.023 l 297.469 414.547 l 297.234 414.113 l
 296.922 413.734 l 296.547 413.426 l 296.113 413.187 l 295.637 413.039 l
 295.125 412.988 l 294.613 413.039 l 294.137 413.187 l 293.703 413.426 l
 293.328 413.734 l 293.016 414.113 l 292.781 414.547 l 292.633 415.023 l
 292.578 415.535 l 292.633 416.047 l 292.781 416.523 l 293.016 416.953 l
 293.328 417.332 l 293.703 417.645 l 294.137 417.879 l 294.613 418.027 l
 295.125 418.078 l 295.637 418.027 l 296.113 417.879 l 296.547 417.645 l
 296.922 417.332 l 297.234 416.953 l 297.469 416.523 l 297.617 416.047 l
 297.672 415.535 l S Q
382.449 323.188 m 381.938 323.133 l 381.461 322.984 l 381.027 322.75 l 
380.652 322.438 l 380.34 322.062 l 380.105 321.629 l 379.953 321.152 l 379.902
 320.641 l 379.953 320.129 l 380.105 319.652 l 380.34 319.219 l 380.652 
318.844 l 381.027 318.531 l 381.461 318.297 l 381.938 318.148 l 382.449 
318.094 l 382.961 318.148 l 383.438 318.297 l 383.867 318.531 l 384.246 
318.844 l 384.559 319.219 l 384.793 319.652 l 384.941 320.129 l 384.992 
320.641 l 384.941 321.152 l 384.793 321.629 l 384.559 322.062 l 384.246 
322.438 l 383.867 322.75 l 383.438 322.984 l 382.961 323.133 l 382.449 323.188
 l f*
q 0.0000000267949 1 1 -0.0000000267949 0 0 cm
323.188 382.449 m 323.133 381.937 l 322.984 381.461 l 322.75 381.027 l 
322.438 380.652 l 322.063 380.34 l 321.629 380.105 l 321.152 379.953 l 320.641
 379.902 l 320.129 379.953 l 319.652 380.105 l 319.219 380.34 l 318.844 
380.652 l 318.531 381.027 l 318.297 381.461 l 318.148 381.937 l 318.094 
382.449 l 318.148 382.961 l 318.297 383.437 l 318.531 383.867 l 318.844 
384.246 l 319.219 384.559 l 319.652 384.793 l 320.129 384.941 l 320.641 
384.992 l 321.152 384.941 l 321.629 384.793 l 322.063 384.559 l 322.438 
384.246 l 322.75 383.867 l 322.984 383.437 l 323.133 382.961 l 323.188 382.449
 l S Q
470.469 348.703 m 469.957 348.648 l 469.48 348.5 l 469.047 348.266 l 468.672
 347.953 l 468.359 347.578 l 468.125 347.145 l 467.977 346.668 l 467.926
 346.156 l 467.977 345.645 l 468.125 345.168 l 468.359 344.734 l 468.672
 344.359 l 469.047 344.047 l 469.48 343.812 l 469.957 343.664 l 470.469 
343.609 l 470.98 343.664 l 471.457 343.812 l 471.891 344.047 l 472.266 344.359
 l 472.578 344.734 l 472.812 345.168 l 472.965 345.645 l 473.016 346.156
 l 472.965 346.668 l 472.812 347.145 l 472.578 347.578 l 472.266 347.953
 l 471.891 348.266 l 471.457 348.5 l 470.98 348.648 l 470.469 348.703 l f*
q 0.0000000267949 1 1 -0.0000000267949 0 0 cm
348.703 470.469 m 348.648 469.957 l 348.5 469.48 l 348.266 469.047 l 347.953
 468.672 l 347.578 468.359 l 347.145 468.125 l 346.668 467.977 l 346.156
 467.926 l 345.645 467.977 l 345.168 468.125 l 344.734 468.359 l 344.359
 468.672 l 344.047 469.047 l 343.813 469.48 l 343.664 469.957 l 343.609 
470.469 l 343.664 470.98 l 343.813 471.457 l 344.047 471.891 l 344.359 472.266
 l 344.734 472.578 l 345.168 472.812 l 345.645 472.965 l 346.156 473.016
 l 346.668 472.965 l 347.145 472.812 l 347.578 472.578 l 347.953 472.266
 l 348.266 471.891 l 348.5 471.457 l 348.648 470.98 l 348.703 470.469 l S Q
423.418 374.219 m 422.906 374.164 l 422.43 374.016 l 421.996 373.781 l 
421.617 373.469 l 421.309 373.094 l 421.07 372.66 l 420.922 372.184 l 420.871
 371.672 l 420.922 371.16 l 421.07 370.684 l 421.309 370.25 l 421.617 369.875
 l 421.996 369.562 l 422.43 369.328 l 422.906 369.18 l 423.418 369.125 l
 423.93 369.18 l 424.406 369.328 l 424.836 369.562 l 425.215 369.875 l 425.527
 370.25 l 425.762 370.684 l 425.91 371.16 l 425.961 371.672 l 425.91 372.184
 l 425.762 372.66 l 425.527 373.094 l 425.215 373.469 l 424.836 373.781 
l 424.406 374.016 l 423.93 374.164 l 423.418 374.219 l f*
q 0.0000000267949 1 1 -0.0000000267949 0 0 cm
374.219 423.418 m 374.164 422.906 l 374.016 422.43 l 373.781 421.996 l 
373.469 421.617 l 373.094 421.309 l 372.66 421.07 l 372.184 420.922 l 371.672
 420.871 l 371.16 420.922 l 370.684 421.07 l 370.25 421.309 l 369.875 421.617
 l 369.563 421.996 l 369.328 422.43 l 369.18 422.906 l 369.125 423.418 l
 369.18 423.93 l 369.328 424.406 l 369.563 424.836 l 369.875 425.215 l 370.25
 425.527 l 370.684 425.762 l 371.16 425.91 l 371.672 425.961 l 372.184 425.91
 l 372.66 425.762 l 373.094 425.527 l 373.469 425.215 l 373.781 424.836 
l 374.016 424.406 l 374.164 423.93 l 374.219 423.418 l S Q
412.055 399.734 m 411.543 399.68 l 411.066 399.531 l 410.633 399.297 l 
410.258 398.984 l 409.945 398.609 l 409.711 398.176 l 409.562 397.699 l 
409.508 397.188 l 409.562 396.676 l 409.711 396.199 l 409.945 395.766 l 
410.258 395.391 l 410.633 395.078 l 411.066 394.844 l 411.543 394.695 l 
412.055 394.641 l 412.566 394.695 l 413.043 394.844 l 413.477 395.078 l 
413.852 395.391 l 414.164 395.766 l 414.398 396.199 l 414.547 396.676 l 
414.602 397.188 l 414.547 397.699 l 414.398 398.176 l 414.164 398.609 l 
413.852 398.984 l 413.477 399.297 l 413.043 399.531 l 412.566 399.68 l 412.055
 399.734 l f*
q 0.0000000267949 1 1 -0.0000000267949 0 0 cm
399.734 412.055 m 399.68 411.543 l 399.531 411.066 l 399.297 410.633 l 
398.984 410.258 l 398.609 409.945 l 398.176 409.711 l 397.699 409.562 l 
397.188 409.508 l 396.676 409.562 l 396.199 409.711 l 395.766 409.945 l 
395.391 410.258 l 395.078 410.633 l 394.844 411.066 l 394.695 411.543 l 
394.641 412.055 l 394.695 412.566 l 394.844 413.043 l 395.078 413.477 l 
395.391 413.852 l 395.766 414.164 l 396.199 414.398 l 396.676 414.547 l 
397.188 414.602 l 397.699 414.547 l 398.176 414.398 l 398.609 414.164 l 
398.984 413.852 l 399.297 413.477 l 399.531 413.043 l 399.68 412.566 l 399.734
 412.055 l S Q
426.914 425.25 m 426.402 425.195 l 425.926 425.047 l 425.492 424.812 l 
425.117 424.5 l 424.805 424.125 l 424.57 423.691 l 424.422 423.215 l 424.367
 422.703 l 424.422 422.191 l 424.57 421.715 l 424.805 421.281 l 425.117 
420.906 l 425.492 420.594 l 425.926 420.359 l 426.402 420.211 l 426.914 
420.156 l 427.426 420.211 l 427.902 420.359 l 428.336 420.594 l 428.711 
420.906 l 429.023 421.281 l 429.258 421.715 l 429.406 422.191 l 429.461 
422.703 l 429.406 423.215 l 429.258 423.691 l 429.023 424.125 l 428.711 
424.5 l 428.336 424.812 l 427.902 425.047 l 427.426 425.195 l 426.914 425.25
 l f*
q 0.0000000267949 1 1 -0.0000000267949 0 0 cm
425.25 426.914 m 425.195 426.402 l 425.047 425.926 l 424.813 425.492 l 
424.5 425.117 l 424.125 424.805 l 423.691 424.57 l 423.215 424.422 l 422.703
 424.367 l 422.191 424.422 l 421.715 424.57 l 421.281 424.805 l 420.906 
425.117 l 420.594 425.492 l 420.359 425.926 l 420.211 426.402 l 420.156 
426.914 l 420.211 427.426 l 420.359 427.902 l 420.594 428.336 l 420.906 
428.711 l 421.281 429.023 l 421.715 429.258 l 422.191 429.406 l 422.703 
429.461 l 423.215 429.406 l 423.691 429.258 l 424.125 429.023 l 424.5 428.711
 l 424.813 428.336 l 425.047 427.902 l 425.195 427.426 l 425.25 426.914 
l S Q
475.562 450.766 m 475.055 450.711 l 474.574 450.562 l 474.145 450.328 l
 473.766 450.016 l 473.457 449.641 l 473.219 449.207 l 473.07 448.73 l 473.02
 448.219 l 473.07 447.707 l 473.219 447.23 l 473.457 446.797 l 473.766 446.422
 l 474.145 446.109 l 474.574 445.875 l 475.055 445.727 l 475.562 445.672
 l 476.074 445.727 l 476.551 445.875 l 476.984 446.109 l 477.363 446.422
 l 477.672 446.797 l 477.91 447.23 l 478.059 447.707 l 478.109 448.219 l
 478.059 448.73 l 477.91 449.207 l 477.672 449.641 l 477.363 450.016 l 476.984
 450.328 l 476.551 450.562 l 476.074 450.711 l 475.562 450.766 l f*
q 0.0000000267949 1 1 -0.0000000267949 0 0 cm
450.766 475.562 m 450.711 475.055 l 450.563 474.574 l 450.328 474.145 l
 450.016 473.766 l 449.641 473.457 l 449.207 473.219 l 448.73 473.07 l 448.219
 473.02 l 447.707 473.07 l 447.23 473.219 l 446.797 473.457 l 446.422 473.766
 l 446.109 474.145 l 445.875 474.574 l 445.727 475.055 l 445.672 475.562
 l 445.727 476.074 l 445.875 476.551 l 446.109 476.984 l 446.422 477.363
 l 446.797 477.672 l 447.23 477.91 l 447.707 478.059 l 448.219 478.109 l
 448.73 478.059 l 449.207 477.91 l 449.641 477.672 l 450.016 477.363 l 450.328
 476.984 l 450.563 476.551 l 450.711 476.074 l 450.766 475.562 l S Q
447.676 476.281 m 447.164 476.227 l 446.688 476.078 l 446.254 475.844 l
 445.879 475.531 l 445.566 475.156 l 445.332 474.723 l 445.18 474.246 l 
445.129 473.734 l 445.18 473.223 l 445.332 472.746 l 445.566 472.312 l 445.879
 471.938 l 446.254 471.625 l 446.688 471.391 l 447.164 471.242 l 447.676
 471.188 l 448.188 471.242 l 448.664 471.391 l 449.094 471.625 l 449.473
 471.938 l 449.785 472.312 l 450.02 472.746 l 450.168 473.223 l 450.219 
473.734 l 450.168 474.246 l 450.02 474.723 l 449.785 475.156 l 449.473 475.531
 l 449.094 475.844 l 448.664 476.078 l 448.188 476.227 l 447.676 476.281
 l f*
q 0.0000000267949 1 1 -0.0000000267949 0 0 cm
476.281 447.676 m 476.227 447.164 l 476.078 446.687 l 475.844 446.254 l
 475.531 445.879 l 475.156 445.566 l 474.723 445.332 l 474.246 445.18 l 
473.734 445.129 l 473.223 445.18 l 472.746 445.332 l 472.313 445.566 l 471.938
 445.879 l 471.625 446.254 l 471.391 446.687 l 471.242 447.164 l 471.188
 447.676 l 471.242 448.187 l 471.391 448.664 l 471.625 449.094 l 471.938
 449.473 l 472.313 449.785 l 472.746 450.02 l 473.223 450.168 l 473.734 
450.219 l 474.246 450.168 l 474.723 450.02 l 475.156 449.785 l 475.531 449.473
 l 475.844 449.094 l 476.078 448.664 l 476.227 448.187 l 476.281 447.676
 l S Q
390.461 501.797 m 389.949 501.742 l 389.473 501.594 l 389.039 501.359 l
 388.664 501.047 l 388.352 500.672 l 388.117 500.238 l 387.965 499.762 l
 387.914 499.25 l 387.965 498.738 l 388.117 498.262 l 388.352 497.828 l 
388.664 497.453 l 389.039 497.141 l 389.473 496.906 l 389.949 496.758 l 
390.461 496.703 l 390.973 496.758 l 391.449 496.906 l 391.879 497.141 l 
392.258 497.453 l 392.57 497.828 l 392.805 498.262 l 392.953 498.738 l 393.004
 499.25 l 392.953 499.762 l 392.805 500.238 l 392.57 500.672 l 392.258 501.047
 l 391.879 501.359 l 391.449 501.594 l 390.973 501.742 l 390.461 501.797
 l f*
q 0.0000000267949 1 1 -0.0000000267949 0 0 cm
501.797 390.461 m 501.742 389.949 l 501.594 389.473 l 501.359 389.039 l
 501.047 388.664 l 500.672 388.352 l 500.238 388.117 l 499.762 387.965 l
 499.25 387.914 l 498.738 387.965 l 498.262 388.117 l 497.828 388.352 l 
497.453 388.664 l 497.141 389.039 l 496.906 389.473 l 496.758 389.949 l 
496.703 390.461 l 496.758 390.973 l 496.906 391.449 l 497.141 391.879 l 
497.453 392.258 l 497.828 392.57 l 498.262 392.805 l 498.738 392.953 l 499.25
 393.004 l 499.762 392.953 l 500.238 392.805 l 500.672 392.57 l 501.047 
392.258 l 501.359 391.879 l 501.594 391.449 l 501.742 390.973 l 501.797 
390.461 l S Q
389.871 527.312 m 389.359 527.258 l 388.883 527.109 l 388.453 526.875 l
 388.074 526.562 l 387.762 526.188 l 387.527 525.754 l 387.379 525.277 l
 387.328 524.766 l 387.379 524.254 l 387.527 523.777 l 387.762 523.344 l
 388.074 522.969 l 388.453 522.656 l 388.883 522.422 l 389.359 522.273 l
 389.871 522.219 l 390.383 522.273 l 390.859 522.422 l 391.293 522.656 l
 391.668 522.969 l 391.98 523.344 l 392.215 523.777 l 392.367 524.254 l 
392.418 524.766 l 392.367 525.277 l 392.215 525.754 l 391.98 526.188 l 391.668
 526.562 l 391.293 526.875 l 390.859 527.109 l 390.383 527.258 l 389.871
 527.312 l f*
q 0.0000000267949 1 1 -0.0000000267949 0 0 cm
527.313 389.871 m 527.258 389.359 l 527.109 388.883 l 526.875 388.453 l
 526.563 388.074 l 526.188 387.762 l 525.754 387.527 l 525.277 387.379 l
 524.766 387.328 l 524.254 387.379 l 523.777 387.527 l 523.344 387.762 l
 522.969 388.074 l 522.656 388.453 l 522.422 388.883 l 522.273 389.359 l
 522.219 389.871 l 522.273 390.383 l 522.422 390.859 l 522.656 391.293 l
 522.969 391.668 l 523.344 391.98 l 523.777 392.215 l 524.254 392.367 l 
524.766 392.418 l 525.277 392.367 l 525.754 392.215 l 526.188 391.98 l 526.563
 391.668 l 526.875 391.293 l 527.109 390.859 l 527.258 390.383 l 527.313
 389.871 l S Q
454.32 552.828 m 453.809 552.773 l 453.332 552.625 l 452.898 552.391 l 
452.523 552.078 l 452.211 551.703 l 451.977 551.27 l 451.824 550.793 l 451.773
 550.281 l 451.824 549.77 l 451.977 549.293 l 452.211 548.859 l 452.523 
548.484 l 452.898 548.172 l 453.332 547.938 l 453.809 547.789 l 454.32 547.734
 l 454.832 547.789 l 455.309 547.938 l 455.742 548.172 l 456.117 548.484
 l 456.43 548.859 l 456.664 549.293 l 456.812 549.77 l 456.863 550.281 l
 456.812 550.793 l 456.664 551.27 l 456.43 551.703 l 456.117 552.078 l 455.742
 552.391 l 455.309 552.625 l 454.832 552.773 l 454.32 552.828 l f*
q 0.0000000267949 1 1 -0.0000000267949 0 0 cm
552.828 454.32 m 552.773 453.809 l 552.625 453.332 l 552.391 452.898 l 
552.078 452.523 l 551.703 452.211 l 551.27 451.977 l 550.793 451.824 l 550.281
 451.773 l 549.77 451.824 l 549.293 451.977 l 548.859 452.211 l 548.484 
452.523 l 548.172 452.898 l 547.938 453.332 l 547.789 453.809 l 547.734 
454.32 l 547.789 454.832 l 547.938 455.309 l 548.172 455.742 l 548.484 456.117
 l 548.859 456.43 l 549.293 456.664 l 549.77 456.812 l 550.281 456.863 l
 550.793 456.812 l 551.27 456.664 l 551.703 456.43 l 552.078 456.117 l 552.391
 455.742 l 552.625 455.309 l 552.773 454.832 l 552.828 454.32 l S Q
433.535 578.344 m 433.023 578.289 l 432.547 578.141 l 432.113 577.906 l
 431.738 577.594 l 431.426 577.219 l 431.191 576.785 l 431.043 576.309 l
 430.988 575.797 l 431.043 575.285 l 431.191 574.809 l 431.426 574.375 l
 431.738 574 l 432.113 573.688 l 432.547 573.453 l 433.023 573.305 l 433.535
 573.25 l 434.047 573.305 l 434.523 573.453 l 434.957 573.688 l 435.332 
574 l 435.645 574.375 l 435.879 574.809 l 436.027 575.285 l 436.082 575.797
 l 436.027 576.309 l 435.879 576.785 l 435.645 577.219 l 435.332 577.594
 l 434.957 577.906 l 434.523 578.141 l 434.047 578.289 l 433.535 578.344
 l f*
q 0.0000000267949 1 1 -0.0000000267949 0 0 cm
578.344 433.535 m 578.289 433.023 l 578.141 432.547 l 577.906 432.113 l
 577.594 431.738 l 577.219 431.426 l 576.785 431.191 l 576.309 431.043 l
 575.797 430.988 l 575.285 431.043 l 574.809 431.191 l 574.375 431.426 l
 574 431.738 l 573.688 432.113 l 573.453 432.547 l 573.305 433.023 l 573.25
 433.535 l 573.305 434.047 l 573.453 434.523 l 573.688 434.957 l 574 435.332
 l 574.375 435.645 l 574.809 435.879 l 575.285 436.027 l 575.797 436.082
 l 576.309 436.027 l 576.785 435.879 l 577.219 435.645 l 577.594 435.332
 l 577.906 434.957 l 578.141 434.523 l 578.289 434.047 l 578.344 433.535
 l S Q
394.434 603.859 m 393.922 603.805 l 393.445 603.656 l 393.012 603.422 l
 392.633 603.109 l 392.324 602.734 l 392.086 602.301 l 391.938 601.824 l
 391.887 601.312 l 391.938 600.801 l 392.086 600.324 l 392.324 599.891 l
 392.633 599.516 l 393.012 599.203 l 393.445 598.969 l 393.922 598.82 l 
394.434 598.766 l 394.945 598.82 l 395.422 598.969 l 395.852 599.203 l 396.23
 599.516 l 396.543 599.891 l 396.777 600.324 l 396.926 600.801 l 396.977
 601.312 l 396.926 601.824 l 396.777 602.301 l 396.543 602.734 l 396.23 
603.109 l 395.852 603.422 l 395.422 603.656 l 394.945 603.805 l 394.434 
603.859 l f*
q 0.0000000267949 1 1 -0.0000000267949 0 0 cm
603.859 394.434 m 603.805 393.922 l 603.656 393.445 l 603.422 393.012 l
 603.109 392.633 l 602.734 392.324 l 602.301 392.086 l 601.824 391.937 l
 601.313 391.887 l 600.801 391.937 l 600.324 392.086 l 599.891 392.324 l
 599.516 392.633 l 599.203 393.012 l 598.969 393.445 l 598.82 393.922 l 
598.766 394.434 l 598.82 394.945 l 598.969 395.422 l 599.203 395.852 l 599.516
 396.23 l 599.891 396.543 l 600.324 396.777 l 600.801 396.926 l 601.313 
396.977 l 601.824 396.926 l 602.301 396.777 l 602.734 396.543 l 603.109 
396.23 l 603.422 395.852 l 603.656 395.422 l 603.805 394.945 l 603.859 394.434
 l S Q
392.801 629.375 m 392.289 629.32 l 391.812 629.172 l 391.379 628.938 l 
391.004 628.625 l 390.691 628.25 l 390.457 627.816 l 390.309 627.34 l 390.254
 626.828 l 390.309 626.316 l 390.457 625.84 l 390.691 625.406 l 391.004 
625.031 l 391.379 624.719 l 391.812 624.484 l 392.289 624.336 l 392.801 
624.281 l 393.312 624.336 l 393.789 624.484 l 394.223 624.719 l 394.598 
625.031 l 394.91 625.406 l 395.145 625.84 l 395.293 626.316 l 395.348 626.828
 l 395.293 627.34 l 395.145 627.816 l 394.91 628.25 l 394.598 628.625 l 
394.223 628.938 l 393.789 629.172 l 393.312 629.32 l 392.801 629.375 l f*
q 0.0000000267949 1 1 -0.0000000267949 0 0 cm
629.371 392.801 m 629.32 392.289 l 629.172 391.812 l 628.938 391.379 l 
628.625 391.004 l 628.25 390.691 l 627.816 390.457 l 627.34 390.309 l 626.828
 390.254 l 626.316 390.309 l 625.84 390.457 l 625.406 390.691 l 625.031 
391.004 l 624.719 391.379 l 624.484 391.812 l 624.336 392.289 l 624.281 
392.801 l 624.336 393.312 l 624.484 393.789 l 624.719 394.223 l 625.031 
394.598 l 625.406 394.91 l 625.84 395.145 l 626.316 395.293 l 626.828 395.348
 l 627.34 395.293 l 627.816 395.145 l 628.25 394.91 l 628.625 394.598 l 
628.938 394.223 l 629.172 393.789 l 629.32 393.312 l 629.371 392.801 l S Q
457.453 654.891 m 456.941 654.836 l 456.465 654.688 l 456.035 654.453 l
 455.656 654.141 l 455.344 653.766 l 455.109 653.332 l 454.961 652.855 l
 454.91 652.344 l 454.961 651.832 l 455.109 651.355 l 455.344 650.922 l 
455.656 650.547 l 456.035 650.234 l 456.465 650 l 456.941 649.852 l 457.453
 649.797 l 457.965 649.852 l 458.441 650 l 458.875 650.234 l 459.254 650.547
 l 459.562 650.922 l 459.801 651.355 l 459.949 651.832 l 460 652.344 l 459.949
 652.855 l 459.801 653.332 l 459.562 653.766 l 459.254 654.141 l 458.875
 654.453 l 458.441 654.688 l 457.965 654.836 l 457.453 654.891 l f*
q 0.0000000267949 1 1 -0.0000000267949 0 0 cm
654.887 457.453 m 654.836 456.941 l 654.688 456.465 l 654.453 456.035 l
 654.141 455.656 l 653.766 455.344 l 653.332 455.109 l 652.855 454.961 l
 652.344 454.91 l 651.832 454.961 l 651.355 455.109 l 650.922 455.344 l 
650.547 455.656 l 650.234 456.035 l 650 456.465 l 649.852 456.941 l 649.797
 457.453 l 649.852 457.965 l 650 458.441 l 650.234 458.875 l 650.547 459.254
 l 650.922 459.562 l 651.355 459.801 l 651.832 459.949 l 652.344 460 l 652.855
 459.949 l 653.332 459.801 l 653.766 459.562 l 654.141 459.254 l 654.453
 458.875 l 654.688 458.441 l 654.836 457.965 l 654.887 457.453 l S Q
444.781 680.402 m 444.273 680.352 l 443.793 680.203 l 443.363 679.969 l
 442.984 679.656 l 442.676 679.281 l 442.438 678.848 l 442.289 678.371 l
 442.238 677.859 l 442.289 677.348 l 442.438 676.871 l 442.676 676.438 l
 442.984 676.062 l 443.363 675.75 l 443.793 675.516 l 444.273 675.363 l 
444.781 675.312 l 445.293 675.363 l 445.773 675.516 l 446.203 675.75 l 446.582
 676.062 l 446.891 676.438 l 447.129 676.871 l 447.277 677.348 l 447.328
 677.859 l 447.277 678.371 l 447.129 678.848 l 446.891 679.281 l 446.582
 679.656 l 446.203 679.969 l 445.773 680.203 l 445.293 680.352 l 444.781
 680.402 l f*
q 0.0000000267949 1 1 -0.0000000267949 0 0 cm
680.402 444.781 m 680.352 444.273 l 680.203 443.793 l 679.969 443.363 l
 679.656 442.984 l 679.281 442.676 l 678.848 442.437 l 678.371 442.289 l
 677.859 442.238 l 677.348 442.289 l 676.871 442.437 l 676.438 442.676 l
 676.063 442.984 l 675.75 443.363 l 675.516 443.793 l 675.363 444.273 l 
675.313 444.781 l 675.363 445.293 l 675.516 445.773 l 675.75 446.203 l 676.063
 446.582 l 676.438 446.891 l 676.871 447.129 l 677.348 447.277 l 677.859
 447.328 l 678.371 447.277 l 678.848 447.129 l 679.281 446.891 l 679.656
 446.582 l 679.969 446.203 l 680.203 445.773 l 680.352 445.293 l 680.402
 444.781 l S Q
401.418 705.918 m 400.906 705.867 l 400.43 705.719 l 399.996 705.484 l 
399.621 705.172 l 399.309 704.797 l 399.074 704.363 l 398.926 703.887 l 
398.871 703.375 l 398.926 702.863 l 399.074 702.387 l 399.309 701.953 l 
399.621 701.578 l 399.996 701.266 l 400.43 701.031 l 400.906 700.879 l 401.418
 700.828 l 401.93 700.879 l 402.406 701.031 l 402.84 701.266 l 403.215 701.578
 l 403.527 701.953 l 403.762 702.387 l 403.91 702.863 l 403.965 703.375 
l 403.91 703.887 l 403.762 704.363 l 403.527 704.797 l 403.215 705.172 l
 402.84 705.484 l 402.406 705.719 l 401.93 705.867 l 401.418 705.918 l f*
q 0.0000000267949 1 1 -0.0000000267949 0 0 cm
705.918 401.418 m 705.867 400.906 l 705.719 400.43 l 705.484 399.996 l 
705.172 399.621 l 704.797 399.309 l 704.363 399.074 l 703.887 398.926 l 
703.375 398.871 l 702.863 398.926 l 702.387 399.074 l 701.953 399.309 l 
701.578 399.621 l 701.266 399.996 l 701.031 400.43 l 700.879 400.906 l 700.828
 401.418 l 700.879 401.93 l 701.031 402.406 l 701.266 402.84 l 701.578 403.215
 l 701.953 403.527 l 702.387 403.762 l 702.863 403.91 l 703.375 403.965 
l 703.887 403.91 l 704.363 403.762 l 704.797 403.527 l 705.172 403.215 l
 705.484 402.84 l 705.719 402.406 l 705.867 401.93 l 705.918 401.418 l S Q
q 0.0000000267949 1 1 -0.0000000267949 0 0 cm
86.008 300.637 m 100.148 295.25 l S Q
q 0.0000000267949 1 1 -0.0000000267949 0 0 cm
86.008 300.637 m 100.148 306.023 l S Q
q 0.0000000267949 1 1 -0.0000000267949 0 0 cm
95.434 297.27 m 95.434 304.004 l S Q
q 0.0000000267949 1 1 -0.0000000267949 0 0 cm
86.008 309.391 m 100.148 309.391 l S Q
q 0.0000000267949 1 1 -0.0000000267949 0 0 cm
92.742 309.391 m 91.395 310.738 l 90.719 312.086 l 90.719 314.105 l 91.395
 315.453 l 92.742 316.797 l 94.762 317.473 l 96.105 317.473 l 98.125 316.797
 l 99.473 315.453 l 100.148 314.105 l 100.148 312.086 l 99.473 310.738 l
 98.125 309.391 l S Q
q 0.0000000267949 1 1 -0.0000000267949 0 0 cm
92.742 328.918 m 91.395 328.246 l 90.719 326.223 l 90.719 324.203 l 91.395
 322.184 l 92.742 321.512 l 94.086 322.184 l 94.762 323.531 l 95.434 326.898
 l 96.105 328.246 l 97.453 328.918 l 98.125 328.918 l 99.473 328.246 l 100.148
 326.223 l 100.148 324.203 l 99.473 322.184 l 98.125 321.512 l S Q
q 0.0000000267949 1 1 -0.0000000267949 0 0 cm
90.719 336.324 m 91.395 334.977 l 92.742 333.633 l 94.762 332.957 l 96.105
 332.957 l 98.125 333.633 l 99.473 334.977 l 100.148 336.324 l 100.148 338.344
 l 99.473 339.691 l 98.125 341.039 l 96.105 341.711 l 94.762 341.711 l 92.742
 341.039 l 91.395 339.691 l 90.719 338.344 l 90.719 336.324 l S Q
q 0.0000000267949 1 1 -0.0000000267949 0 0 cm
90.719 346.426 m 100.148 346.426 l S Q
q 0.0000000267949 1 1 -0.0000000267949 0 0 cm
94.762 346.426 m 92.742 347.098 l 91.395 348.445 l 90.719 349.789 l 90.719
 351.812 l S Q
q 0.0000000267949 1 1 -0.0000000267949 0 0 cm
86.008 355.176 m 100.148 355.176 l S Q
q 0.0000000267949 1 1 -0.0000000267949 0 0 cm
92.742 355.176 m 91.395 356.523 l 90.719 357.871 l 90.719 359.891 l 91.395
 361.238 l 92.742 362.586 l 94.762 363.258 l 96.105 363.258 l 98.125 362.586
 l 99.473 361.238 l 100.148 359.891 l 100.148 357.871 l 99.473 356.523 l
 98.125 355.176 l S Q
q 0.0000000267949 1 1 -0.0000000267949 0 0 cm
94.762 367.297 m 94.762 375.379 l 93.414 375.379 l 92.066 374.703 l 91.395
 374.031 l 90.719 372.684 l 90.719 370.664 l 91.395 369.316 l 92.742 367.973
 l 94.762 367.297 l 96.105 367.297 l 98.125 367.973 l 99.473 369.316 l 100.148
 370.664 l 100.148 372.684 l 99.473 374.031 l 98.125 375.379 l S Q
q 0.0000000267949 1 1 -0.0000000267949 0 0 cm
86.008 387.496 m 100.148 387.496 l S Q
q 0.0000000267949 1 1 -0.0000000267949 0 0 cm
92.742 387.496 m 91.395 386.152 l 90.719 384.805 l 90.719 382.785 l 91.395
 381.437 l 92.742 380.09 l 94.762 379.418 l 96.105 379.418 l 98.125 380.09
 l 99.473 381.437 l 100.148 382.785 l 100.148 384.805 l 99.473 386.152 l
 98.125 387.496 l S Q
q 0.0000000267949 1 1 -0.0000000267949 0 0 cm
92.742 410.391 m 91.395 409.719 l 90.719 407.695 l 90.719 405.676 l 91.395
 403.656 l 92.742 402.984 l 94.086 403.656 l 94.762 405.004 l 95.434 408.371
 l 96.105 409.719 l 97.453 410.391 l 98.125 410.391 l 99.473 409.719 l 100.148
 407.695 l 100.148 405.676 l 99.473 403.656 l 98.125 402.984 l S Q
q 0.0000000267949 1 1 -0.0000000267949 0 0 cm
90.719 417.797 m 91.395 416.449 l 92.742 415.105 l 94.762 414.43 l 96.105
 414.43 l 98.125 415.105 l 99.473 416.449 l 100.148 417.797 l 100.148 419.816
 l 99.473 421.164 l 98.125 422.512 l 96.105 423.184 l 94.762 423.184 l 92.742
 422.512 l 91.395 421.164 l 90.719 419.816 l 90.719 417.797 l S Q
q 0.0000000267949 1 1 -0.0000000267949 0 0 cm
86.008 427.898 m 100.148 427.898 l S Q
q 0.0000000267949 1 1 -0.0000000267949 0 0 cm
90.719 440.691 m 100.148 440.691 l S Q
q 0.0000000267949 1 1 -0.0000000267949 0 0 cm
92.742 440.691 m 91.395 439.344 l 90.719 437.996 l 90.719 435.977 l 91.395
 434.629 l 92.742 433.285 l 94.762 432.609 l 96.105 432.609 l 98.125 433.285
 l 99.473 434.629 l 100.148 435.977 l 100.148 437.996 l 99.473 439.344 l
 98.125 440.691 l S Q
q 0.0000000267949 1 1 -0.0000000267949 0 0 cm
90.719 446.078 m 100.148 446.078 l S Q
q 0.0000000267949 1 1 -0.0000000267949 0 0 cm
94.762 446.078 m 92.742 446.75 l 91.395 448.098 l 90.719 449.445 l 90.719
 451.465 l S Q
q 0.0000000267949 1 1 -0.0000000267949 0 0 cm
83.313 470.316 m 84.66 468.969 l 86.68 467.625 l 89.375 466.277 l 92.742
 465.602 l 95.434 465.602 l 98.801 466.277 l 101.492 467.625 l 103.512 468.969
 l 104.859 470.316 l S Q
q 0.0000000267949 1 1 -0.0000000267949 0 0 cm
86.008 473.684 m 100.148 477.051 l S Q
q 0.0000000267949 1 1 -0.0000000267949 0 0 cm
86.008 480.418 m 100.148 477.051 l S Q
q 0.0000000267949 1 1 -0.0000000267949 0 0 cm
86.008 480.418 m 100.148 483.781 l S Q
q 0.0000000267949 1 1 -0.0000000267949 0 0 cm
86.008 487.148 m 100.148 483.781 l S Q
q 0.0000000267949 1 1 -0.0000000267949 0 0 cm
90.719 491.191 m 100.148 491.191 l S Q
q 0.0000000267949 1 1 -0.0000000267949 0 0 cm
93.414 491.191 m 91.395 493.211 l 90.719 494.555 l 90.719 496.578 l 91.395
 497.922 l 93.414 498.598 l 100.148 498.598 l S Q
q 0.0000000267949 1 1 -0.0000000267949 0 0 cm
93.414 498.598 m 91.395 500.617 l 90.719 501.965 l 90.719 503.984 l 91.395
 505.328 l 93.414 506.004 l 100.148 506.004 l S Q
q 0.0000000267949 1 1 -0.0000000267949 0 0 cm
94.086 511.391 m 94.086 523.508 l S Q
q 0.0000000267949 1 1 -0.0000000267949 0 0 cm
89.375 528.895 m 88.699 528.895 l 87.355 529.57 l 86.68 530.242 l 86.008
 531.59 l 86.008 534.281 l 86.68 535.629 l 87.355 536.305 l 88.699 536.977
 l 90.047 536.977 l 91.395 536.305 l 93.414 534.957 l 100.148 528.223 l 
100.148 537.648 l S Q
q 0.0000000267949 1 1 -0.0000000267949 0 0 cm
83.313 541.687 m 84.66 543.035 l 86.68 544.383 l 89.375 545.73 l 92.742
 546.402 l 95.434 546.402 l 98.801 545.73 l 101.492 544.383 l 103.512 543.035
 l 104.859 541.687 l S Q
q 0.0000000267949 1 1 -0.0000000267949 0 0 cm
148.156 324.066 m 148.156 324.605 l 148.695 325.684 l 149.234 326.223 l
 150.309 326.758 l 152.465 326.758 l 153.543 326.223 l 154.082 325.684 l
 154.621 324.605 l 154.621 323.527 l 154.082 322.449 l 153.004 320.836 l
 147.617 315.449 l 155.156 315.449 l S Q
q 0.0000000267949 1 1 -0.0000000267949 0 0 cm
161.621 326.758 m 160.004 326.223 l 158.93 324.605 l 158.391 321.91 l 158.391
 320.297 l 158.93 317.602 l 160.004 315.984 l 161.621 315.449 l 162.699 
315.449 l 164.316 315.984 l 165.391 317.602 l 165.93 320.297 l 165.93 321.91
 l 165.391 324.605 l 164.316 326.223 l 162.699 326.758 l 161.621 326.758
 l S Q
q 0.0000000267949 1 1 -0.0000000267949 0 0 cm
172.395 326.758 m 170.777 326.223 l 169.703 324.605 l 169.164 321.91 l 
169.164 320.297 l 169.703 317.602 l 170.777 315.984 l 172.395 315.449 l 
173.473 315.449 l 175.09 315.984 l 176.164 317.602 l 176.703 320.297 l 176.703
 321.91 l 176.164 324.605 l 175.09 326.223 l 173.473 326.758 l 172.395 326.758
 l S Q
q 0.0000000267949 1 1 -0.0000000267949 0 0 cm
183.168 326.758 m 181.551 326.223 l 180.477 324.605 l 179.938 321.91 l 
179.938 320.297 l 180.477 317.602 l 181.551 315.984 l 183.168 315.449 l 
184.246 315.449 l 185.863 315.984 l 186.938 317.602 l 187.477 320.297 l 
187.477 321.91 l 186.938 324.605 l 185.863 326.223 l 184.246 326.758 l 183.168
 326.758 l S Q
q 0.0000000267949 1 1 -0.0000000267949 0 0 cm
199.188 324.066 m 199.188 324.605 l 199.727 325.684 l 200.266 326.223 l
 201.34 326.758 l 203.496 326.758 l 204.574 326.223 l 205.113 325.684 l 
205.648 324.605 l 205.648 323.527 l 205.113 322.449 l 204.035 320.836 l 
198.648 315.449 l 206.188 315.449 l S Q
q 0.0000000267949 1 1 -0.0000000267949 0 0 cm
212.652 326.758 m 211.035 326.223 l 209.961 324.605 l 209.422 321.91 l 
209.422 320.297 l 209.961 317.602 l 211.035 315.984 l 212.652 315.449 l 
213.73 315.449 l 215.348 315.984 l 216.422 317.602 l 216.961 320.297 l 216.961
 321.91 l 216.422 324.605 l 215.348 326.223 l 213.73 326.758 l 212.652 326.758
 l S Q
q 0.0000000267949 1 1 -0.0000000267949 0 0 cm
223.426 326.758 m 221.809 326.223 l 220.734 324.605 l 220.195 321.91 l 
220.195 320.297 l 220.734 317.602 l 221.809 315.984 l 223.426 315.449 l 
224.504 315.449 l 226.121 315.984 l 227.195 317.602 l 227.734 320.297 l 
227.734 321.91 l 227.195 324.605 l 226.121 326.223 l 224.504 326.758 l 223.426
 326.758 l S Q
q 0.0000000267949 1 1 -0.0000000267949 0 0 cm
231.508 324.066 m 231.508 324.605 l 232.043 325.684 l 232.582 326.223 l
 233.66 326.758 l 235.816 326.758 l 236.895 326.223 l 237.43 325.684 l 237.969
 324.605 l 237.969 323.527 l 237.43 322.449 l 236.355 320.836 l 230.969 
315.449 l 238.508 315.449 l S Q
q 0.0000000267949 1 1 -0.0000000267949 0 0 cm
249.949 324.066 m 249.949 324.605 l 250.488 325.684 l 251.027 326.223 l
 252.102 326.758 l 254.258 326.758 l 255.336 326.223 l 255.875 325.684 l
 256.414 324.605 l 256.414 323.527 l 255.875 322.449 l 254.797 320.836 l
 249.41 315.449 l 256.949 315.449 l S Q
q 0.0000000267949 1 1 -0.0000000267949 0 0 cm
263.414 326.758 m 261.797 326.223 l 260.723 324.605 l 260.184 321.91 l 
